0.9892889142036438
0.9908344388008118
0.991476321220398
0.992150467634201
0.9924086451530456
0.9928640604019165
0.9932836055755615
0.9937999784946442
0.9942015945911408
0.9945530235767365
0.9948434710502625
0.9949510514736175
0.9951375305652619
0.9952988862991333
0.9953992903232575
0.9954423189163208
0.9955785870552063
0.995671808719635
0.9958331823348999
0.9958116710186005
0.9959658563137055
0.9960339963436127
0.9961308062076568
0.9961630880832673
0.9962993562221527
0.9963244497776031
0.9964069247245788
0.9963818252086639
0.9964356064796448
0.9965001583099365
0.9964822292327881
0.9965252578258514
0.9965682923793793
0.9965647101402283
0.9964069187641144
0.9966005682945251
0.9965754568576812
0.9966364204883575
0.996632844209671
0.9966220796108246
0.9967153191566467
0.9967547535896302
0.9967260777950286
0.9968228936195374
0.9966579496860504
0.9967296600341797
0.9966292560100556
0.9967655122280121
0.9967906177043915
0.9968551754951477
0.9968228936195374
0.9968013882637023
0.9967189073562622
0.9968910276889801
0.9968157291412354
0.9967942118644715
0.9968408167362213
0.9967332541942596
0.9967368304729461
0.996657931804657
0.9967977941036225
0.9967942059040069
0.9967511832714081
0.9967045545578003
0.9967977821826934
0.9968228876590729
0.9967511773109436
0.9966866254806519
0.9966937959194183
0.9966256558895111
0.9966830432415008
0.9966471910476684
0.9967153072357178
0.996647185087204
0.9966866374015808
0.9966758668422699
0.9967475831508636
0.9967153131961822
0.9968479871749878
0.9965718746185303
0.9968121349811554
0.996776282787323
0.996765524148941
0.9968264698982239
0.996797788143158
0.9967440068721771
0.9967726945877076
0.9966722786426544
0.996772688627243
0.9967153191566467
0.996636426448822
0.9967440068721771
0.996496570110321
0.99680854678154
0.996640008687973
0.9967225015163421
0.9968695104122162
0.996640008687973
0.9967547595500946
0.9967296540737152
